Accuracy : 0.7951219512195122
Precision: 0.7563025210084033
Recall   : 0.8737864077669902
F1 Score : 0.8108108108108109